100
5
15
10000000
500000
0.1
0.8
0.98
0.02
1
1
4
0
1
----
1
1
1
1
1
3
0
0
0.05
3
2
0.6
1
-1
4
0:(0,0)(0,0)(0,0)(0,0)
1:(0,0)(0,0)(0,0)(0,0)
2:(0,0)(0,0)(0,0)(0,0)
3:(0,0)(0,0)(0,0)(0,0)
4:(0,0)(0,0)(0,0)(0,0)
---------
7
1
1
WIRE
(1,0) (0,0)
(0,0) (1,0)
2
1
CNOT2
(1.00000,0.00000) (0.00000,0.00000) (0.00000,0.00000) (0.00000,0.00000)
(0.00000,0.00000) (1.00000,0.00000) (0.00000,0.00000) (0.00000,0.00000)
(0.00000,0.00000) (0.00000,0.00000) (0.00000,0.00000) (1.00000,0.00000)
(0.00000,0.00000) (0.00000,0.00000) (1.00000,0.00000) (0.00000,0.00000)
2
1
NOTC2
(1.00000,0.00000) (0.00000,0.00000) (0.00000,0.00000) (0.00000,0.00000)
(0.00000,0.00000) (0.00000,0.00000) (0.00000,0.00000) (1.00000,0.00000)
(0.00000,0.00000) (0.00000,0.00000) (1.00000,0.00000) (0.00000,0.00000)
(0.00000,0.00000) (1.00000,0.00000) (0.00000,0.00000) (0.00000,0.00000)
2
1
CV2
(1.00000,0.00000) (0.00000,0.00000) (0.00000,0.00000) (0.00000,0.00000)
(0.00000,0.00000) (1.00000,0.00000) (0.00000,0.00000) (0.00000,0.00000)
(0.00000,0.00000) (0.00000,0.00000) (0.50000,0.50000) (0.50000,-0.50000)
(0.00000,0.00000) (0.00000,0.00000) (0.50000,-0.50000) (0.50000,0.50000)
2
1
VC2
(1.00000,0.00000) (0.00000,0.00000) (0.00000,0.00000) (0.00000,0.00000)
(0.00000,0.00000) (0.50000,0.50000) (0.00000,0.00000) (0.50000,-0.50000)
(0.00000,0.00000) (0.00000,0.00000) (1.00000,0.00000) (0.00000,0.00000)
(0.00000,0.00000) (0.50000,-0.50000) (0.00000,0.00000) (0.50000,0.50000)
2
1
CV+2
(1.00000,0.00000) (0.00000,0.00000) (0.00000,0.00000) (0.00000,0.00000)
(0.00000,0.00000) (1.00000,0.00000) (0.00000,0.00000) (0.00000,0.00000)
(0.00000,0.00000) (0.00000,0.00000) (0.50000,-0.50000) (0.50000,0.50000)
(0.00000,0.00000) (0.00000,0.00000) (0.50000,0.50000) (0.50000,-0.50000)
2
1
V+C2
(1.00000,0.00000) (0.00000,0.00000) (0.00000,0.00000) (0.00000,0.00000)
(0.00000,0.00000) (0.50000,-0.50000) (0.00000,0.00000) (0.50000,0.50000)
(0.00000,0.00000) (0.00000,0.00000) (1.00000,0.00000) (0.00000,0.00000)
(0.00000,0.00000) (0.50000,0.50000) (0.00000,0.00000) (0.50000,-0.50000)
3
8
0;0:(1,0)
1;1:(1,0)
2;2:(1,0)
3;3:(1,0)
4;4:(1,0)
5;5:(1,0)
6;6:(1,0)
7;7:(1,0)

