0:(1,0)(0,0)
1:(1,0)(0,0)
2:(1,0)(0,0)
3:(1,0)(0,0)
4:(1,0)(0,0)
5:(1,0)(0,0)
6:(0,0)(1,0)
7:(0,0)(1,0)
8:(0,0)(1,0)
9:(0,0)(1,0)
10:(0,0)(1,0)
11:(0,0)(1,0)
12:(0,0)(1,0)
13:(0,0)(1,0)
14:(0,0)(1,0)
15:(0,0)(1,0)
---------
10
1
1
WIRE
(1,0) (0,0)
(0,0) (1,0)
2
1
CNOT
(1.00000,0.00000) (0.00000,0.00000) (0.00000,0.00000) (0.00000,0.00000)
(0.00000,0.00000) (1.00000,0.00000) (0.00000,0.00000) (0.00000,0.00000)
(0.00000,0.00000) (0.00000,0.00000) (0.00000,0.00000) (1.00000,0.00000)
(0.00000,0.00000) (0.00000,0.00000) (1.00000,0.00000) (0.00000,0.00000)
2
1
NOTC
(1.00000,0.00000) (0.00000,0.00000) (0.00000,0.00000) (0.00000,0.00000)
(0.00000,0.00000) (0.00000,0.00000) (0.00000,0.00000) (1.00000,0.00000)
(0.00000,0.00000) (0.00000,0.00000) (1.00000,0.00000) (0.00000,0.00000)
(0.00000,0.00000) (1.00000,0.00000) (0.00000,0.00000) (0.00000,0.00000)
2
1
CV
(1.00000,0.00000) (0.00000,0.00000) (0.00000,0.00000) (0.00000,0.00000)
(0.00000,0.00000) (1.00000,0.00000) (0.00000,0.00000) (0.00000,0.00000)
(0.00000,0.00000) (0.00000,0.00000) (0.50000,0.50000) (0.50000,-0.50000)
(0.00000,0.00000) (0.00000,0.00000) (0.50000,-0.50000) (0.50000,0.50000)
2
1
CV+
(1.00000,0.00000) (0.00000,0.00000) (0.00000,0.00000) (0.00000,0.00000)
(0.00000,0.00000) (1.00000,0.00000) (0.00000,0.00000) (0.00000,0.00000)
(0.00000,0.00000) (0.00000,0.00000) (0.50000,-0.50000) (0.50000,0.50000)
(0.00000,0.00000) (0.00000,0.00000) (0.50000,0.50000) (0.50000,-0.50000)
2
1
VC
(1.00000,0.00000) (0.00000,0.00000) (0.00000,0.00000) (0.00000,0.00000)
(0.00000,0.00000) (0.50000,0.50000) (0.00000,0.00000) (0.50000,-0.50000)
(0.00000,0.00000) (0.00000,0.00000) (1.00000,0.00000) (0.00000,0.00000)
(0.00000,0.00000) (0.50000,-0.50000) (0.00000,0.00000) (0.50000,0.50000)
2
1
V+C
(1.00000,0.00000) (0.00000,0.00000) (0.00000,0.00000) (0.00000,0.00000)
(0.00000,0.00000) (0.50000,-0.50000) (0.00000,0.00000) (0.50000,0.50000)
(0.00000,0.00000) (0.00000,0.00000) (1.00000,0.00000) (0.00000,0.00000)
(0.00000,0.00000) (0.50000,0.50000) (0.00000,0.00000) (0.50000,-0.50000)
3
2
CCNOT
(1.00000,0.00000) (0.00000,0.00000) (0.00000,0.00000) (0.00000,0.00000)(0.00000,0.00000) (0.00000,0.00000) (0.00000,0.00000) (0.00000,0.00000)
(0.00000,0.00000) (1.00000,0.00000) (0.00000,0.00000) (0.00000,0.00000)(0.00000,0.00000) (0.00000,0.00000) (0.00000,0.00000) (0.00000,0.00000)
(0.00000,0.00000) (0.00000,0.00000) (1.00000,0.00000) (0.00000,0.00000)(0.00000,0.00000) (0.00000,0.00000) (0.00000,0.00000) (0.00000,0.00000)
(0.00000,0.00000) (0.00000,0.00000) (0.00000,0.00000) (1.00000,0.00000)(0.00000,0.00000) (0.00000,0.00000) (0.00000,0.00000) (0.00000,0.00000)
(0.00000,0.00000) (0.00000,0.00000) (0.00000,0.00000) (0.00000,0.00000)(1.00000,0.00000) (0.00000,0.00000) (0.00000,0.00000) (0.00000,0.00000)
(0.00000,0.00000) (0.00000,0.00000) (0.00000,0.00000) (0.00000,0.00000)(0.00000,0.00000) (1.00000,0.00000) (0.00000,0.00000) (0.00000,0.00000)
(0.00000,0.00000) (0.00000,0.00000) (0.00000,0.00000) (0.00000,0.00000)(0.00000,0.00000) (0.00000,0.00000) (0.00000,0.00000) (1.00000,0.00000)
(0.00000,0.00000) (0.00000,0.00000) (0.00000,0.00000) (0.00000,0.00000)(0.00000,0.00000) (0.00000,0.00000) (1.00000,0.00000) (0.00000,0.00000)
3
2
CNOTC
(1.00000,0.00000) (0.00000,0.00000) (0.00000,0.00000) (0.00000,0.00000)(0.00000,0.00000) (0.00000,0.00000) (0.00000,0.00000) (0.00000,0.00000)
(0.00000,0.00000) (1.00000,0.00000) (0.00000,0.00000) (0.00000,0.00000)(0.00000,0.00000) (0.00000,0.00000) (0.00000,0.00000) (0.00000,0.00000)
(0.00000,0.00000) (0.00000,0.00000) (1.00000,0.00000) (0.00000,0.00000)(0.00000,0.00000) (0.00000,0.00000) (0.00000,0.00000) (0.00000,0.00000)
(0.00000,0.00000) (0.00000,0.00000) (0.00000,0.00000) (1.00000,0.00000)(0.00000,0.00000) (0.00000,0.00000) (0.00000,0.00000) (0.00000,0.00000)
(0.00000,0.00000) (0.00000,0.00000) (0.00000,0.00000) (0.00000,0.00000)(1.00000,0.00000) (0.00000,0.00000) (0.00000,0.00000) (0.00000,0.00000)
(0.00000,0.00000) (0.00000,0.00000) (0.00000,0.00000) (0.00000,0.00000)(0.00000,0.00000) (0.00000,0.00000) (0.00000,0.00000) (1.00000,0.00000)
(0.00000,0.00000) (0.00000,0.00000) (0.00000,0.00000) (0.00000,0.00000)(0.00000,0.00000) (0.00000,0.00000) (1.00000,0.00000) (0.00000,0.00000)
(0.00000,0.00000) (0.00000,0.00000) (0.00000,0.00000) (0.00000,0.00000)(0.00000,0.00000) (1.00000,0.00000) (0.00000,0.00000) (0.00000,0.00000)
3
2
NOTCC
(1.00000,0.00000) (0.00000,0.00000) (0.00000,0.00000) (0.00000,0.00000)(0.00000,0.00000) (0.00000,0.00000) (0.00000,0.00000) (0.00000,0.00000)
(0.00000,0.00000) (1.00000,0.00000) (0.00000,0.00000) (0.00000,0.00000)(0.00000,0.00000) (0.00000,0.00000) (0.00000,0.00000) (0.00000,0.00000)
(0.00000,0.00000) (0.00000,0.00000) (1.00000,0.00000) (0.00000,0.00000)(0.00000,0.00000) (0.00000,0.00000) (0.00000,0.00000) (0.00000,0.00000)
(0.00000,0.00000) (0.00000,0.00000) (0.00000,0.00000) (0.00000,0.00000)(0.00000,0.00000) (0.00000,0.00000) (0.00000,0.00000) (1.00000,0.00000)
(0.00000,0.00000) (0.00000,0.00000) (0.00000,0.00000) (0.00000,0.00000)(1.00000,0.00000) (0.00000,0.00000) (0.00000,0.00000) (0.00000,0.00000)
(0.00000,0.00000) (0.00000,0.00000) (0.00000,0.00000) (0.00000,0.00000)(0.00000,0.00000) (1.00000,0.00000) (0.00000,0.00000) (0.00000,0.00000)
(0.00000,0.00000) (0.00000,0.00000) (0.00000,0.00000) (0.00000,0.00000)(0.00000,0.00000) (0.00000,0.00000) (1.00000,0.00000) (0.00000,0.00000)
(0.00000,0.00000) (0.00000,0.00000) (0.00000,0.00000) (1.00000,0.00000)(0.00000,0.00000) (0.00000,0.00000) (0.00000,0.00000) (0.00000,0.00000)
4
16
0;0:(1,0)
1;7:(1,0)
2;6:(1,0)
3;9:(1,0)
4;4:(1,0)
5;11:(1,0)
6;10:(1,0)
7;13:(1,0)
8;8:(1,0)
9;15:(1,0)
10;14:(1,0)
11;1:(1,0)
12;12:(1,0)
13;3:(1,0)
14;2:(1,0)
15;5:(1,0)
