0:(0,0)(0,0)(0,0)(0,0)
1:(0,0)(0,0)(0,0)(0,0)
2:(0,0)(0,0)(0,0)(0,0)
3:(0,0)(0,0)(0,0)(0,0)
4:(0,0)(0,0)(0,0)(0,0)
---------
6
1
1
wire
(1,0) (0,0)
(0,0) (1,0)
1
1
hadamard
(0.70711,0) (0.70711,0)
(0.70711,0) (-0.70711,0)
1
1
t
(1,0) (0,0)
(0,0) (0.70711,0.70711)
1
1
t+
(1,0) (0,0)
(0,0) (0.70711,-0.70711)
2
1
CNOT
(1.00000,0.00000) (0.00000,0.00000) (0.00000,0.00000) (0.00000,0.00000)
(0.00000,0.00000) (1.00000,0.00000) (0.00000,0.00000) (0.00000,0.00000)
(0.00000,0.00000) (0.00000,0.00000) (0.00000,0.00000) (1.00000,0.00000)
(0.00000,0.00000) (0.00000,0.00000) (1.00000,0.00000) (0.00000,0.00000)
2
1
NOTC
(1.00000,0.00000) (0.00000,0.00000) (0.00000,0.00000) (0.00000,0.00000)
(0.00000,0.00000) (0.00000,0.00000) (0.00000,0.00000) (1.00000,0.00000)
(0.00000,0.00000) (0.00000,0.00000) (1.00000,0.00000) (0.00000,0.00000)
(0.00000,0.00000) (1.00000,0.00000) (0.00000,0.00000) (0.00000,0.00000)
8
0;0:(1,0)
1;1:(1,0)
2;2:(1,0)
3;3:(1,0)
4;4:(1,0)
5;5:(1,0)
6;7:(1,0)
7;6:(1,0)

