190
24
10
10000000
500
0.1
0.9
0.98
0.02
1
1
6
0
1
----
0
0
0
1
1
0
0
0.5
8
2
1
0
4
1:(1,0)(0,0)
3:(0,0)(1,0)
5:(0,0)(1,0)
7:(1,0)(0,0)
---------
8
1
1
WIRE
(1,0) (0,0)
(0,0) (1,0)
2
1
CNOT
(1.00000,0.00000) (0.00000,0.00000) (0.00000,0.00000) (0.00000,0.00000)
(0.00000,0.00000) (1.00000,0.00000) (0.00000,0.00000) (0.00000,0.00000)
(0.00000,0.00000) (0.00000,0.00000) (0.00000,0.00000) (1.00000,0.00000)
(0.00000,0.00000) (0.00000,0.00000) (1.00000,0.00000) (0.00000,0.00000)
2
1
NOTC
(1.00000,0.00000) (0.00000,0.00000) (0.00000,0.00000) (0.00000,0.00000)
(0.00000,0.00000) (0.00000,0.00000) (0.00000,0.00000) (1.00000,0.00000)
(0.00000,0.00000) (0.00000,0.00000) (1.00000,0.00000) (0.00000,0.00000)
(0.00000,0.00000) (1.00000,0.00000) (0.00000,0.00000) (0.00000,0.00000)
2
1
CV
(1.00000,0.00000) (0.00000,0.00000) (0.00000,0.00000) (0.00000,0.00000)
(0.00000,0.00000) (1.00000,0.00000) (0.00000,0.00000) (0.00000,0.00000)
(0.00000,0.00000) (0.00000,0.00000) (0.50000,0.50000) (0.50000,-0.50000)
(0.00000,0.00000) (0.00000,0.00000) (0.50000,-0.50000) (0.50000,0.50000)
2
1
CV+
(1.00000,0.00000) (0.00000,0.00000) (0.00000,0.00000) (0.00000,0.00000)
(0.00000,0.00000) (1.00000,0.00000) (0.00000,0.00000) (0.00000,0.00000)
(0.00000,0.00000) (0.00000,0.00000) (0.50000,-0.50000) (0.50000,0.50000)
(0.00000,0.00000) (0.00000,0.00000) (0.50000,0.50000) (0.50000,-0.50000)
3
2
CCNOT
(1.00000,0.00000) (0.00000,0.00000) (0.00000,0.00000) (0.00000,0.00000)(0.00000,0.00000) (0.00000,0.00000) (0.00000,0.00000) (0.00000,0.00000)
(0.00000,0.00000) (1.00000,0.00000) (0.00000,0.00000) (0.00000,0.00000)(0.00000,0.00000) (0.00000,0.00000) (0.00000,0.00000) (0.00000,0.00000)
(0.00000,0.00000) (0.00000,0.00000) (1.00000,0.00000) (0.00000,0.00000)(0.00000,0.00000) (0.00000,0.00000) (0.00000,0.00000) (0.00000,0.00000)
(0.00000,0.00000) (0.00000,0.00000) (0.00000,0.00000) (1.00000,0.00000)(0.00000,0.00000) (0.00000,0.00000) (0.00000,0.00000) (0.00000,0.00000)
(0.00000,0.00000) (0.00000,0.00000) (0.00000,0.00000) (0.00000,0.00000)(1.00000,0.00000) (0.00000,0.00000) (0.00000,0.00000) (0.00000,0.00000)
(0.00000,0.00000) (0.00000,0.00000) (0.00000,0.00000) (0.00000,0.00000)(0.00000,0.00000) (1.00000,0.00000) (0.00000,0.00000) (0.00000,0.00000)
(0.00000,0.00000) (0.00000,0.00000) (0.00000,0.00000) (0.00000,0.00000)(0.00000,0.00000) (0.00000,0.00000) (0.00000,0.00000) (1.00000,0.00000)
(0.00000,0.00000) (0.00000,0.00000) (0.00000,0.00000) (0.00000,0.00000)(0.00000,0.00000) (0.00000,0.00000) (1.00000,0.00000) (0.00000,0.00000)
3
2
CNOTC
(1.00000,0.00000) (0.00000,0.00000) (0.00000,0.00000) (0.00000,0.00000)(0.00000,0.00000) (0.00000,0.00000) (0.00000,0.00000) (0.00000,0.00000)
(0.00000,0.00000) (1.00000,0.00000) (0.00000,0.00000) (0.00000,0.00000)(0.00000,0.00000) (0.00000,0.00000) (0.00000,0.00000) (0.00000,0.00000)
(0.00000,0.00000) (0.00000,0.00000) (1.00000,0.00000) (0.00000,0.00000)(0.00000,0.00000) (0.00000,0.00000) (0.00000,0.00000) (0.00000,0.00000)
(0.00000,0.00000) (0.00000,0.00000) (0.00000,0.00000) (1.00000,0.00000)(0.00000,0.00000) (0.00000,0.00000) (0.00000,0.00000) (0.00000,0.00000)
(0.00000,0.00000) (0.00000,0.00000) (0.00000,0.00000) (0.00000,0.00000)(1.00000,0.00000) (0.00000,0.00000) (0.00000,0.00000) (0.00000,0.00000)
(0.00000,0.00000) (0.00000,0.00000) (0.00000,0.00000) (0.00000,0.00000)(0.00000,0.00000) (0.00000,0.00000) (0.00000,0.00000) (1.00000,0.00000)
(0.00000,0.00000) (0.00000,0.00000) (0.00000,0.00000) (0.00000,0.00000)(0.00000,0.00000) (0.00000,0.00000) (1.00000,0.00000) (0.00000,0.00000)
(0.00000,0.00000) (0.00000,0.00000) (0.00000,0.00000) (0.00000,0.00000)(0.00000,0.00000) (1.00000,0.00000) (0.00000,0.00000) (0.00000,0.00000)
3
2
NOTCC
(1.00000,0.00000) (0.00000,0.00000) (0.00000,0.00000) (0.00000,0.00000)(0.00000,0.00000) (0.00000,0.00000) (0.00000,0.00000) (0.00000,0.00000)
(0.00000,0.00000) (1.00000,0.00000) (0.00000,0.00000) (0.00000,0.00000)(0.00000,0.00000) (0.00000,0.00000) (0.00000,0.00000) (0.00000,0.00000)
(0.00000,0.00000) (0.00000,0.00000) (1.00000,0.00000) (0.00000,0.00000)(0.00000,0.00000) (0.00000,0.00000) (0.00000,0.00000) (0.00000,0.00000)
(0.00000,0.00000) (0.00000,0.00000) (0.00000,0.00000) (0.00000,0.00000)(0.00000,0.00000) (0.00000,0.00000) (0.00000,0.00000) (1.00000,0.00000)
(0.00000,0.00000) (0.00000,0.00000) (0.00000,0.00000) (0.00000,0.00000)(1.00000,0.00000) (0.00000,0.00000) (0.00000,0.00000) (0.00000,0.00000)
(0.00000,0.00000) (0.00000,0.00000) (0.00000,0.00000) (0.00000,0.00000)(0.00000,0.00000) (1.00000,0.00000) (0.00000,0.00000) (0.00000,0.00000)
(0.00000,0.00000) (0.00000,0.00000) (0.00000,0.00000) (0.00000,0.00000)(0.00000,0.00000) (0.00000,0.00000) (1.00000,0.00000) (0.00000,0.00000)
(0.00000,0.00000) (0.00000,0.00000) (0.00000,0.00000) (1.00000,0.00000)(0.00000,0.00000) (0.00000,0.00000) (0.00000,0.00000) (0.00000,0.00000)
8
16
0;0:(1,0)
1;1:(1,0)
2;2:(1,0)
3;3:(1,0)
4;4:(1,0)
5;5:(1,0)
6;6:(1,0)
7;7:(1,0)
8;8:(1,0)
9;9:(1,0)
10;10:(1,0)
11;11:(1,0)
12;12:(1,0)
13;13:(1,0)
14;15:(1,0)
15;14:(1,0)
