90
14
5
10000000
900
0.1
0.8
0.98
0.02
1
1
10
0
1
----
0
0
0
1
1
0
0
0.5
3
2
0
0
4
1:(1,0)(0,0)
3:(0,0)(1,0)
5:(0,0)(1,0)
7:(1,0)(0,0)
---------
7
1
1
wire
(1,0) (0,0)
(0,0) (1,0)
1
1
hadamard
(0.70711,0) (0.70711,0)
(0.70711,0) (-0.70711,0)
1
1
t
(1,0) (0,0)
(0,0) (0.70711,0.70711)
1
1
t+
(1,0) (0,0)
(0,0) (0.70711,-0.70711)
1
1
s
(1,0) (0,0)
(0,0) (0,1)
2
1
CNOT
(1.00000,0.00000) (0.00000,0.00000) (0.00000,0.00000) (0.00000,0.00000)
(0.00000,0.00000) (1.00000,0.00000) (0.00000,0.00000) (0.00000,0.00000)
(0.00000,0.00000) (0.00000,0.00000) (0.00000,0.00000) (1.00000,0.00000)
(0.00000,0.00000) (0.00000,0.00000) (1.00000,0.00000) (0.00000,0.00000)
2
1
NOTC
(1.00000,0.00000) (0.00000,0.00000) (0.00000,0.00000) (0.00000,0.00000)
(0.00000,0.00000) (0.00000,0.00000) (0.00000,0.00000) (1.00000,0.00000)
(0.00000,0.00000) (0.00000,0.00000) (1.00000,0.00000) (0.00000,0.00000)
(0.00000,0.00000) (1.00000,0.00000) (0.00000,0.00000) (0.00000,0.00000)
3
8
0;0:(1,0)
1;6:(1,0)
2;2:(1,0)
3;3:(1,0)
4;4:(1,0)
5;5:(1,0)
6;1:(1,0)
7;7:(1,0)
