90
12
6
10000000
900
0.05
0.9
0.98
0.02
1
1
9
0
1
----
0
1
1
1
1
0
0
0
0.0
5
2
1
1
0
10
1:(1,0)
0:(1,0)
1:(1,0)
1:(1,0)
0:(1,0)
1:(1,0)
1:(1,0)
0:(1,0)
0:(1,0)
0:(1,0)
---------
10
1
1
WIRE
(1,0) (0,0)
(0,0) (1,0)
2
1
CNOT
(1.00000,0.00000) (0.00000,0.00000) (0.00000,0.00000) (0.00000,0.00000)
(0.00000,0.00000) (1.00000,0.00000) (0.00000,0.00000) (0.00000,0.00000)
(0.00000,0.00000) (0.00000,0.00000) (0.00000,0.00000) (1.00000,0.00000)
(0.00000,0.00000) (0.00000,0.00000) (1.00000,0.00000) (0.00000,0.00000)
2
1
NOTC
(1.00000,0.00000) (0.00000,0.00000) (0.00000,0.00000) (0.00000,0.00000)
(0.00000,0.00000) (0.00000,0.00000) (0.00000,0.00000) (1.00000,0.00000)
(0.00000,0.00000) (0.00000,0.00000) (1.00000,0.00000) (0.00000,0.00000)
(0.00000,0.00000) (1.00000,0.00000) (0.00000,0.00000) (0.00000,0.00000)
2
1
CV
(1.00000,0.00000) (0.00000,0.00000) (0.00000,0.00000) (0.00000,0.00000)
(0.00000,0.00000) (1.00000,0.00000) (0.00000,0.00000) (0.00000,0.00000)
(0.00000,0.00000) (0.00000,0.00000) (0.50000,0.50000) (0.50000,-0.50000)
(0.00000,0.00000) (0.00000,0.00000) (0.50000,-0.50000) (0.50000,0.50000)
2
1
CV+
(1.00000,0.00000) (0.00000,0.00000) (0.00000,0.00000) (0.00000,0.00000)
(0.00000,0.00000) (1.00000,0.00000) (0.00000,0.00000) (0.00000,0.00000)
(0.00000,0.00000) (0.00000,0.00000) (0.50000,-0.50000) (0.50000,0.50000)
(0.00000,0.00000) (0.00000,0.00000) (0.50000,0.50000) (0.50000,-0.50000)
2
1
VC
(1.00000,0.00000) (0.00000,0.00000) (0.00000,0.00000) (0.00000,0.00000)
(0.00000,0.00000) (0.50000,0.50000) (0.00000,0.00000) (0.50000,-0.50000)
(0.00000,0.00000) (0.00000,0.00000) (1.00000,0.00000) (0.00000,0.00000)
(0.00000,0.00000) (0.50000,-0.50000) (0.00000,0.00000) (0.50000,0.50000)
2
1
V+C
(1.00000,0.00000) (0.00000,0.00000) (0.00000,0.00000) (0.00000,0.00000)
(0.00000,0.00000) (0.50000,-0.50000) (0.00000,0.00000) (0.50000,0.50000)
(0.00000,0.00000) (0.00000,0.00000) (1.00000,0.00000) (0.00000,0.00000)
(0.00000,0.00000) (0.50000,0.50000) (0.00000,0.00000) (0.50000,-0.50000)
3
2
CCNOT
(1.00000,0.00000) (0.00000,0.00000) (0.00000,0.00000) (0.00000,0.00000)(0.00000,0.00000) (0.00000,0.00000) (0.00000,0.00000) (0.00000,0.00000)
(0.00000,0.00000) (1.00000,0.00000) (0.00000,0.00000) (0.00000,0.00000)(0.00000,0.00000) (0.00000,0.00000) (0.00000,0.00000) (0.00000,0.00000)
(0.00000,0.00000) (0.00000,0.00000) (1.00000,0.00000) (0.00000,0.00000)(0.00000,0.00000) (0.00000,0.00000) (0.00000,0.00000) (0.00000,0.00000)
(0.00000,0.00000) (0.00000,0.00000) (0.00000,0.00000) (1.00000,0.00000)(0.00000,0.00000) (0.00000,0.00000) (0.00000,0.00000) (0.00000,0.00000)
(0.00000,0.00000) (0.00000,0.00000) (0.00000,0.00000) (0.00000,0.00000)(1.00000,0.00000) (0.00000,0.00000) (0.00000,0.00000) (0.00000,0.00000)
(0.00000,0.00000) (0.00000,0.00000) (0.00000,0.00000) (0.00000,0.00000)(0.00000,0.00000) (1.00000,0.00000) (0.00000,0.00000) (0.00000,0.00000)
(0.00000,0.00000) (0.00000,0.00000) (0.00000,0.00000) (0.00000,0.00000)(0.00000,0.00000) (0.00000,0.00000) (0.00000,0.00000) (1.00000,0.00000)
(0.00000,0.00000) (0.00000,0.00000) (0.00000,0.00000) (0.00000,0.00000)(0.00000,0.00000) (0.00000,0.00000) (1.00000,0.00000) (0.00000,0.00000)
3
2
CNOTC
(1.00000,0.00000) (0.00000,0.00000) (0.00000,0.00000) (0.00000,0.00000)(0.00000,0.00000) (0.00000,0.00000) (0.00000,0.00000) (0.00000,0.00000)
(0.00000,0.00000) (1.00000,0.00000) (0.00000,0.00000) (0.00000,0.00000)(0.00000,0.00000) (0.00000,0.00000) (0.00000,0.00000) (0.00000,0.00000)
(0.00000,0.00000) (0.00000,0.00000) (1.00000,0.00000) (0.00000,0.00000)(0.00000,0.00000) (0.00000,0.00000) (0.00000,0.00000) (0.00000,0.00000)
(0.00000,0.00000) (0.00000,0.00000) (0.00000,0.00000) (1.00000,0.00000)(0.00000,0.00000) (0.00000,0.00000) (0.00000,0.00000) (0.00000,0.00000)
(0.00000,0.00000) (0.00000,0.00000) (0.00000,0.00000) (0.00000,0.00000)(1.00000,0.00000) (0.00000,0.00000) (0.00000,0.00000) (0.00000,0.00000)
(0.00000,0.00000) (0.00000,0.00000) (0.00000,0.00000) (0.00000,0.00000)(0.00000,0.00000) (0.00000,0.00000) (0.00000,0.00000) (1.00000,0.00000)
(0.00000,0.00000) (0.00000,0.00000) (0.00000,0.00000) (0.00000,0.00000)(0.00000,0.00000) (0.00000,0.00000) (1.00000,0.00000) (0.00000,0.00000)
(0.00000,0.00000) (0.00000,0.00000) (0.00000,0.00000) (0.00000,0.00000)(0.00000,0.00000) (1.00000,0.00000) (0.00000,0.00000) (0.00000,0.00000)
3
2
NOTCC
(1.00000,0.00000) (0.00000,0.00000) (0.00000,0.00000) (0.00000,0.00000)(0.00000,0.00000) (0.00000,0.00000) (0.00000,0.00000) (0.00000,0.00000)
(0.00000,0.00000) (1.00000,0.00000) (0.00000,0.00000) (0.00000,0.00000)(0.00000,0.00000) (0.00000,0.00000) (0.00000,0.00000) (0.00000,0.00000)
(0.00000,0.00000) (0.00000,0.00000) (1.00000,0.00000) (0.00000,0.00000)(0.00000,0.00000) (0.00000,0.00000) (0.00000,0.00000) (0.00000,0.00000)
(0.00000,0.00000) (0.00000,0.00000) (0.00000,0.00000) (0.00000,0.00000)(0.00000,0.00000) (0.00000,0.00000) (0.00000,0.00000) (1.00000,0.00000)
(0.00000,0.00000) (0.00000,0.00000) (0.00000,0.00000) (0.00000,0.00000)(1.00000,0.00000) (0.00000,0.00000) (0.00000,0.00000) (0.00000,0.00000)
(0.00000,0.00000) (0.00000,0.00000) (0.00000,0.00000) (0.00000,0.00000)(0.00000,0.00000) (1.00000,0.00000) (0.00000,0.00000) (0.00000,0.00000)
(0.00000,0.00000) (0.00000,0.00000) (0.00000,0.00000) (0.00000,0.00000)(0.00000,0.00000) (0.00000,0.00000) (1.00000,0.00000) (0.00000,0.00000)
(0.00000,0.00000) (0.00000,0.00000) (0.00000,0.00000) (1.00000,0.00000)(0.00000,0.00000) (0.00000,0.00000) (0.00000,0.00000) (0.00000,0.00000)
4
4
0;0:(1,0)
1;1:(1,0)
2;5:(1,0)
3;2:(1,0)
